1383666543620000534
1395653018620000698
1378881561620000178
1402067105620000207
1373361455620000541
1399926383620000496
1373091201620000506
1399915553620000634
1401724466620000144
1379387707620000356
1373179253620000440
1401592410620000001
1389289665620000116
1378313329620000364
1373856221620000569
1402841074620000197
1372688910620000076
1394384743620000900
1372780462620000562
1373306183620000163
1372949256620000080
1383501036620000403
1373067980620000157
1380736071620000285
1373369744620000672
1386207514620000060
1373475240620000199
1402928522620000653
1380889321620000344
1396656889620000363
1372937989620000001
1373508005620000304
1373227268620000022
1402019544620000688
1373477189620000098
1387651477620000171
1380271151620000297
1390569909620000131
1373491220620000225
1382546457620000172
1381239557620000682
1388298599620000494
1372674585620000152
1372859565620000123
1374850130620000153
1373629256620000616
1384545369620000304
1401214009620000055
1373541163620000044
1397845097620000179
1390822077620000031
1401297421620000095
1376513648620000688
1395764604620000698
1390825896620000698
1372875906620000352
1402746965620000289
1387452123620000086
1378830016620000036
1388079224620000186
1397583920620000304
1377630498620000612
1403541873620000099
1397237026620000294
1390500429620000902
1373078809620000486
1372888372620000403
1400008640620000250
1384862597620000500
1373574473620000038
1384488616620000436
1390957816620000192
1378149679620000246
1388268715620000665
1373456603620000388
1402393813620000089
1391302032620000171
1381949320620000902
1380703549620000086
1373382722620000320
1373321744620000190
1373192438620000296
1394237928620000651
1403929847620000692
1392908934620000252
1382945241620000112
1399305698620000137
1373300154620000048
1373550194620000065
1390992568620000688
1400518409620000038
1375411497620000618
1395863323620000514
1372667894620000589
1373046011620000076
1373272520620000480
1382437178620000196
1372899129620000435
1393695904620000597
1375282804620000398
1377546506620000140
1399120246620000001
1372766710620000192
1373053098620000607
1402759954620000419
1397394450620000688
1382372470620000068
1376807743620000665
1373056479620000356
1386787000620000363
1392225926620000021
1375080574620000294
1376954119620000554
1373467913620000229
1402476625620000903
1373291417620000154
1377810134620000697
1377806053620000326
1374133068620000289
1388298464620000119
1401209715620000337
1373637267620000250
1380101738620000669
1373158281620000108
1386390899620000472
1372786195620000046
1396814674620000403
1387598145620000591
1383977234620000332
1397670753620000546
1379639593620000154
1387272314620000279
1400175833620000055
1385987769620000455
1376480938620000166
1381738915620000239
1403018437620000527
1386390273620000021
1400814337620000332
1373306223620000235
1385699758620000338
1374730159620000503
1382858704620000376
1386304867620000367
1381530822620000101
1401626019620000055
1372667178620000685
1390697195620000625
1383289666620000515
1394833655620000055
1385121967620000452
1382169720620000513
1384263595620000514
1385784888620000513
1398854631620000634
1381326758620000089
1390538395620000235
1396473324620000086
1379973889620000403
1393103699620000480
1384395170620000648
1376191759620000513
1399544006620000344
1401293871620000151
1395608619620000514
1382269382620000199
1392994472620000093
1397241313620000167
1402327119620000514
1378551232620000542
1401460048620000188
1403096465620000036
1381759191620000166
1395352138620000684
1385376840620000409
1387076932620000513
1374898512620000525
1398142697620000669
1378722065620000222
1395842827620000205
1377603371620000347
1373225332620000431
1378734860620000178
1375658334620000307
1402335435620000507
1381430084620000481
1372980941620000483
1382433562620000074
1398970555620000055
1379258873620000663
1386362720620000093
1386707733620000255
1392770900620000325
1377858888620000541
1374412521620000492
1391179271620000341
1404057835620000468
1385822720620000092
1400258584620000296
1396329829620000286
1373039209620000267
1384402903620000351
1403456227620000184
1372778480620000222
1391129159620000031
1402849476620000634
1391264261620000682
1374239255620000058
1382551885620000213
1383373297620000104
1384665749620000463
1379094411620000297
1380443806620000476
1392592084620000640
1373770403620000101
1387893452620000546
1403539677620000632
1392505592620000572
1399917297620000321
1386222215620000540
1387611224620000687
1393060305620000682
1376302291620000006
1397407556620000377
1381996694620000695
1373018291620000675
1375188762620000687
1397847671620000360
1389490891620000359
1373811110620000514
1385277204620000684
1397762983620000904
1399907238620000344
1377251030620000464
1383030074620000333
1396296390620000109
1373037008620000166
1388974515620000325
1400516752620000294
1398974541620000017
1402245322620000325
1399699063620000325
1398035473620000503
1377766356620000541
1374326823620000334
1401984366620000206
1385696504620000601
1382257122620000173
1382772077620000611
1391863409620000332
1380552359620000633
1398354464620000516
1383633558620000377
1397562064620000256
1396761556620000488
1399734701620000403
1374757892620000554
1394030576620000334
1380617460620000621
1383120309620000386
1394660794620000263
1380785322620000308
1382543910620000626
1397078336620000320
1402329569620000014
1373381216620000055
1382055513620000561
1385183646620000118
1381738744620000138
1372777347620000338
1385267980620000486
1403015103620000557
1380608208620000557
1382195900620000664
1381875485620000680
1387047675620000307
1374327702620000686
1399312031620000307
1390095391620000625
1392249113620000387
1375985244620000351
1383374907620000611
1398882102620000904
1392589942620000686
1400428119620000158
1380683702620000372
1399399946620000121
1390340279620000305
1402994105620000684
1372745665620000060
1391805353620000541
1398282474620000086
1386477414620000310
1375702460620000403
1401120722620000435
1396267061620000671
1392938807620000570
1384670116620000465
1380014278620000226
1380553961620000197
1386291194620000424
1374154884620000454
1391196813620000541
1393634613620000618
1386909081620000591
1383366808620000463
1379926808620000171
1386927097620000367
1383324799620000460
1391207208620000640
1377695323620000166
1386995138620000067
1373552508620000344
1401903100620000020
1382767706620000195
1376828494620000334
1402937005620000177
1375793739620000359
1400606201620000359
1386476134620000120
1373553448620000242
1400088994620000138
1385873002620000463
1403706976620000671
1388238643620000682
1379841350620000364
1398710589620000667
1375620757620000320
1389344960620000476
1390698816620000308
1372769368620000419
1383263923620000514
1380103045620000667
1398710129620000343
1400420848620000676
1400081031620000667
1387583972620000675
1386302883620000600
1403877159620000452
1387089972620000472
1397376944620000027
1375017924620000483
1397747008620000429
1374451008620000686
1399224226620000400
1398107324620000901
1399053093620000077
1376086337620000514
1389867002620000161
1401822449620000105
1383647483620000524
1386994334620000011
1397073837620000506
1399463408620000352
1401379776620000477
1401037120620000667
1397083996620000057
1375392206620000231
1389495575620000657
1379408425620000695
1377861063620000360
1378462207620000476
1379215069620000514
1380617647620000360
1392227757620000480
1374461498620000231
1403277469620000020
1391825995620000574
1399058091620000351
1395165126620000107
1404057745620000486
1403966568620000577
1397480541620000294
1394582199620000345
1386036770620000192
1388036433620000173
1398365946620000179
1375623844620000055
1379222419620000197
1381991408620000653
1373878335620000315
1375510927620000320
1403418773620000503
1392665554620000518
1396702613620000027
1379132726620000492
1380959854620000001
1386429929620000434
1396801270620000263
1379883888620000520
1400875640620000038
1396462084620000344
1387595325620000601
1399554385620000319
1379322401620000623
1379751727620000166
1390275427620000031
1399046748620000315
1381548644620000554
1373372519620000421
1397845306620000516
1403417009620000546
1383792697620000136
1374842017620000136
1387701926620000529
1380644905620000213
1372895318620000161
1392344881620000423
1375558490620000380
1394053307620000362
1396127067620000525
1376609590620000231
1390721002620000089
1377207199620000320
1394924906620000136
1400341102620000297
1383376472620000038
1378895620620000156
1398728967620000561
1393028198620000663
1373297502620000356
1385874865620000667
1376387005620000540
1399182639620000554
1387692625620000286
1379738345620000578
1381994374620000242
1392411650620000057
1381195440620000616
1389833329620000333
1398794812620000206
1396767355620000684
1373032693620000144
1374396904620000364
1401863305620000136
1383363040620000436
1373372376620000055
1391983453620000665
1403766710620000546
1374132176620000434
1386770486620000513
1388297812620000513
1374677274620000900
1372753759620000320
1401600584620000684
1401216290620000192
1392962658620000201
1388864399620000372
1375170081620000663
1401007455620000429
1397358871620000136
1393140665620000195
1397284232620000344
1372686350620000514
1372840383620000676
1401543995620000273
1402716774620000430
1388260624620000686
1375108041620000249
1376216890620000515
1382073104620000565
1399132151620000900
1379212770620000089
1393282629620000571
1386306393620000600
1402229594620000345
1389513377620000310
1382252695620000367
1379588341620000021
1382661202620000307
1381637862620000021
1399144041620000686
1396814811620000612
1386396442620000494
1391263142620000574
1403886215620000331
1379500047620000233
1378193707620000562
1389750626620000387
1399917663620000595
1383676881620000319
1374305223620000331
1379670942620000187
1373550595620000605
1374050910620000230
1391876463620000667
1397764360620000243
1389825898620000625
1394349994620000675
1396988795620000540
1399764749620000325
1394869878620000548
1385185538620000481
1401462522620000409
1401730357620000569
1380480603620000525
1387854921620000345
1373168128620000541
1393399095620000136
1394058830620000450
1403591014620000263
1385871106620000089
1395853803620000026
1399867487620000463
1398283972620000506
1382237211620000591
1375407224620000520
1390136842620000331
1383440416620000591
1378981136620000389
1380253619620000136
1391357984620000187
1374250664620000539
1375611541620000345
1394787462620000105
1398882782620000697
1374234041620000205
1395733576620000325
1400522904620000697
1397662164620000206
1392164393620000067
1375630935620000904
1389562944620000520
1375693895620000180
1397065455620000307
1402073300620000083
1385327412620000173
1399437101620000239
1387680594620000020
1389205332620000419
1393135039620000036
1375866834620000506
1382749944620000307
1379364176620000496
1403699355620000663
1397067174620000126
1382349974620000276
1398781112620000126
1399031205620000359
1375369559620000571
1395211957620000540
1401654002620000359
1377174674620000663
1381781173620000506
1387793945620000137
1393744015620000367
1382742621620000276
1398452535620000680
1383474435620000680
1376431976620000395
1402578861620000014
1403408809620000188
1398573323620000546
1402015029620000038
1389383355620000108
1403521216620000233
1387736017620000554
1389621990620000515
1375005317620000364
1401339728620000271
1392854482620000038
1401804906620000596
1395353981620000333
1396157473620000311
1386998013620000308
1376986931620000076
1380149259620000514
1401632995620000542
1392024720620000515
1386251248620000294
1398534887620000419
1386213417620000601
1381498165620000230
1380870371620000137
1379743747620000304
1380432215620000658
1389045754620000640
1393530967620000502
1382345238620000409
1403399227620000904
1381557811620000166
1384408438620000195
1381554633620000600
1377074204620000195
1378033573620000524
1402944720620000250
1401691699620000529
1383196116620000031
1376718092620000263
1387141314620000520
1403192667620000128
1373171547620000463
1392557424620000540
1388779468620000304
1400187493620000904
1385692651620000616
1378535478620000465
1387083607620000321
1388986544620000231
1375910406620000632
1382422632620000506
1403323176620000436
1375595359620000667
1401463656620000343
1388515090620000245
1392314420620000904
1402436554620000486
1374245355620000680
1373064576620000514
1392957655620000621
1400678262620000546
1378801308620000604
1400577960620000026
1398558172620000041
1385709771620000435
1387693925620000160
1398965465620000624
1374039870620000011
1396631007620000307
1384898158620000577
1400004744620000403
1401977074620000319
1389875392620000099
1400787983620000600
1387144823620000309
1377501985620000331
1390942673620000053
1384578516620000481
1387227216620000500
1381219629620000386
1399778597620000450
1387677595620000621
1394719652620000540
1401711331620000618
1374926405620000674
1398624277620000423
1378193091620000364
1375198215620000137
1382983492620000529
1383818164620000434
1373983635620000101
1372691435620000257
1387626473620000341
1382243791620000077
1374433756620000435
1376058091620000515
1395307231620000361
1379662985620000226
1377715208620000271
1403412744620000142
1396890323620000604
1376867768620000525
1401011222620000601
1383955585620000305
1390677246620000624
1374997721620000215
1381789282620000624
1402086226620000698
1380024708620000611
1383313453620000113
1385160694620000151
1402497332620000126
1385906625620000393
1391108774620000492
1402376876620000005
1387429246620000578
1374299297620000364
1382177471620000476
1401478349620000904
1388464364620000195
1389990220620000012
1375172985620000285
1394977819620000516
1373048698620000116
1375870496620000443
1401185683620000443
1375964998620000138
1385794358620000665
1395177564620000332
1404018046620000119
1383817609620000541
1400061997620000410
1375601297620000249
1388751033620000305
1391023732620000047
1389337593620000007
1386844721620000053
1376722822620000598
1375343641620000684
1388306225620000331
1399297096620000153
1373721321620000625
1387852835620000665
1399691721620000496
1384585377620000678
1397566891620000005
1398077906620000273
1386216296620000235
1388206622620000054
1376169064620000640
1400548145620000038
1395940928620000547
1374924998620000031
1397264136620000116
1398336642620000540
1389128265620000002
1379080497620000328
1403796279620000381
1389790298620000126
1403333764620000137
1389213458620000351
1397298959620000523
1373373475620000178
1380122135620000057
1403738822620000688
1401993457620000492
1402065846620000349
1373520159620000403
1394900779620000174
1376300422620000406
1401999156620000904
1400088410620000050
1390816968620000429
1379444366620000192
1394940839620000013
1388137260620000514
1376207090620000561
1377158264620000359
1380974096620000663
1395739241620000100
1383068630620000271
1373884146620000364
1394806293620000364
1378411140620000184
1377589810620000615
1388561588620000424
1384582619620000481
1398560248620000421
1392632422620000315
1381599260620000624
1392223551620000698
1379223806620000235
1397365167620000007
1385443995620000089
1378281042620000443
1392443807620000118
1392524087620000554
1374633677620000562
1373772380620000173
1376082880620000307
1379885222620000554
1398929229620000344
1380460529620000229
1378533092620000472
1400748349620000008
1402036555620000488
1401455875620000658
1398235618620000529
1391675262620000263
1393023000620000038
1391515788620000146
1378896415620000303
1399307763620000257
1403428205620000429
1381185788620000554
1395514455620000256
1399745473620000235
1397089475620000472
1384585913620000675
1388902089620000021
1388204727620000686
1402059964620000326
1374484130620000604
1387603393620000557
1383695812620000617
1396259703620000667
1372869216620000569
1387697760620000142
1388445698620000446
1377978365620000465
1399172781620000271
1374046493620000038
1382174608620000281
1385041964620000257
1392625425620000571
1384331877620000562
1380890380620000681
1401393097620000686
1375952394620000151
1390012595620000192
1388168623620000506
1373289118620000261
1382836926620000591
1389206567620000192
1372874576620000624
1384839214620000492
1384663879620000496
1372733951620000014
1401495034620000076
1372883819620000384
1373975724620000569
1399085655620000224
1401380635620000206
1398353604620000468
1393667899620000104
1384669574620000184
1378010580620000421
1397969771620000678
1381837780620000424
1385879162620000686
1396762430620000423
1396288932620000004
1402225449620000360
1376518747620000239
1389961453620000902
1401125011620000431
1391001143620000539
1394860740620000675
1400866146620000391
1400286301620000518
1397466382620000486
1393203186620000320
1376722768620000904
1378005599620000007
1394934209620000075
1395557771620000224
1373233031620000600
1393251010620000611
1399105705620000053
1375581406620000328
1401261688620000286
1374517439620000180
1377205705620000235
1386751905620000541
1399301110620000502
1382787420620000273
1378846580620000604
1383670276620000597
1376914506620000542
1374383043620000450
1401400816620000595
1384739319620000011
1385996564620000352
1382467318620000345
1398762408620000611
1397342560620000554
1399629665620000242
1391439488620000604
1398700340620000594
1394337102620000054
1380446993620000173
1382246173620000195
1399746387620000431
1390723208620000588
1401785376620000678
1386104520620000260
1383970424620000036
1379811918620000904
1396027724620000667
1381239164620000409
1379419720620000180
1376515468620000506
1373992875620000361
1373695972620000561
1384440532620000562
1373720794620000216
1386912891620000224
1397067720620000303
1387915994620000651
1383281387620000436
1373884857620000315
1374006261620000128
1401468581620000434
1374543455620000403
1391665279620000328
1382837735620000421
1377866246620000680
1389475959620000199
1387633630620000199
1385736382620000460
1376399590620000458
1374611207620000904
1403751072620000067
1373164093620000640
1383642311620000602
1387099377620000271
1377759089620000434
1383573404620000562
1376847266620000435
1401114509620000523
1392405789620000410
1380381191620000116
1373694609620000904
1402676258620000516
1381092763620000611
1386665800620000325
1402754305620000468
1377679764620000549
1376128635620000174
1380199711620000055
1392106716620000562
1403995646620000506
1388313983620000547
1401259731620000465
1376024888620000280
1394801207620000384
1375190959620000364
1385313384620000250
1380329265620000304
1400142752620000051
1400536268620000351
1401811335620000398
1373690471620000007
1396117048620000325
1389106666620000352
1400383218620000235
1378894925620000676
1382388583620000577
1399029301620000077
1401745465620000327
1385184253620000481
1374069538620000048
1403850585620000372
1399054707620000242
1378191779620000408
1373090078620000364
1394341075620000481
1383374694620000455
1386339787620000138
1402107940620000011
1373302267620000569
1397338993620000904
1384687304620000545
1392885152620000429
1401518414620000114
1373750028620000092
1384938841620000640
1373216769620000137
1380628334620000562
1400969598620000279
1391499571620000900
1394888953620000356
1400297715620000341
1398573727620000678
1390652081620000900
1382848653620000263
1387798016620000174
1398784818620000320
1390234377620000108
1389263987620000192
1377714408620000904
1403000499620000107
1382379199620000048
1383955175620000251
1378813462620000435
1392589984620000235
1382988122620000618
1374138655620000297
1379058226620000027
1387027775620000341
1398467771620000271
1378304630620000114
1374581300620000364
1376059369620000085
1388505032620000611
1383580762620000508
1395466849620000391
1387604308620000031
1401351145620000468
1403866526620000515
1391005743620000520
1388567278620000308
1394387148620000391
1381843377620000663
1376529540620000006
1373768608620000588
1382545272620000472
1379218974620000525
1378131077620000151
1387602405620000007
1396063251620000011
1402594823620000521
1385320706620000529
1399329155620000577
1377694609620000663
1401938862620000653
1392732419620000540
1374446209620000686
1379444986620000685
1397246206620000109
1391918778620000303
1381312842620000068
1384539134620000391
1381417489620000315
1374227333620000271
1389363389620000364
1393854797620000250
1373288060620000443
1386153050620000516
1388214602620000562
1393326240620000460
1388288893620000119
1375332366620000286
1397714227620000429
1383241121620000632
1391312377620000332
1374592281620000340
1401878531620000086
1391707094620000027
1379700935620000311
1379715858620000435
1387485840620000004
1393044864620000624
1380617837620000328
1387538990620000007
1379221044620000046
1388324595620000343
1392522811620000359
1384342187620000362
1385567483620000331
1396768263620000632
1375916022620000446
1382950876620000397
1386842047620000021
1403602277620000116
1373010008620000361
1374574556620000326
1378725246620000435
1393668328620000077
1402486026620000588
1402905412620000546
1377101677620000376
1388521953620000400
1381077495620000658
1404037608620000597
1394683456620000446
1380536287620000353
1402807524620000678
1376785073620000067
1394447613620000455
1391713108620000158
1395518251620000542
1388058364620000360
1403585677620000618
1394608373620000648
1384009337620000688
1379194084620000364
1391315576620000524
1390709745620000472
1404074835620000576
1390105959620000430
1383899831620000588
1373016819620000467
1392738113620000523
1380882755620000435
1392956007620000395
1394703876620000409
1402784975620000215
1386488836620000129
1374853693620000315
1394120063620000098
1400283453620000554
1402554634620000136
1380649846620000077
1399302159620000903
1378198166620000083
1392713052620000579
1381671396620000101
1392196162620000286
1375041009620000500
1389862862620000235
1384874414620000370
1391611741620000126
1395218195620000326
1389461981620000540
1381591294620000027
1383945186620000419
1401222613620000686
1399721813620000074
1379241848620000123
1379403963620000588
1373634798620000423
1377391308620000325
1380801467620000151
1391786102620000697
1381744353620000077
1377924571620000256
1390613133620000003
1376017632620000446
1374675706620000040
1374092194620000351
1373544279620000345
1379527995620000518
1383040658620000315
1380045860620000391
1378606784620000360
1379789255620000431
1397570407620000095
1388584251620000197
1389359027620000506
1379813116620000011
1399698889620000616
1397866995620000161
1394533089620000688
1373538930620000615
1374783006620000360
1388581532620000565
1387369111620000108
1385039414620000618
1383362080620000252
1397862983620000360
1379630408620000136
1393232030620000452
1383309187620000192
1380815860620000002
1399043403620000548
1385031910620000285
1396156572620000242
1397123780620000031
1373126066620000224
1382722663620000351
1382017239620000360
1390888165620000304
1385073768620000344
1379856817620000173
1381606868620000031
1392627234620000331
1393628520620000560
1390622371620000036
1402598659620000352
1396739797620000305
1388341135620000250
1379345917620000245
1379244721620000648
1392040244620000331
1376406443620000174
1393260616620000131
1382615269620000233
1383317803620000557
1391787079620000562
1402917043620000384
1381038239620000129
1392870690620000901
1380564024620000356
1398262204620000557
1384283953620000516
1395670132620000561
1399170858620000196
1388811504620000129
1391924630620000077
1388505964620000364
1388431537620000001
1388486013620000684
1402375408620000557
1373550595620000144
1396066703620000054
1387273713620000360
1403892250620000508
1378891709620000198
1398964453620000268
1402782529620000506
1403479783620000308
1383751889620000235
1374330798620000285
1382346071620000502
1402608928620000554
1387648385620000116
1377796140620000697
1390696771620000508
1385879644620000235
1377367715620000251
1388192525620000406
1394955244620000261
1388679672620000007
1399774778620000054
1401443427620000248
1396712028620000665
1400751100620000516
1394337067620000611
1401214117620000621
1391418372620000113
1403471176620000451
1379951534620000332
1397257179620000624
1398152881620000199
1385490797620000492
1401463946620000288
1399517268620000419
1379503640620000304
1374827783620000026
1384200263620000197
1375951780620000612
1374378102620000423
1398852882620000619
1389554012620000539
1386588207620000443
1401643805620000473
1399363184620000065
1388412627620000624
1382634972620000195
1388551249620000305
1389047403620000446
1391229579620000421
1392390205620000343
1393197202620000529
1403814557620000625
1394687818620000446
1378120821620000344
1386325485620000331
1392407725620000482
1380706661620000648
1383299107620000597
1399210111620000343
1383830994620000022
1390213451620000148
1395450526620000252
1381015749620000235
1398570662620000446
1374003030620000243
1402869989620000625
1389125648620000129
1381616783620000419
1400288224620000297
1390738802620000328
1384167898620000545
1400081442620000562
1379955833620000027
1403289031620000518
1394255631620000421
1380324521620000372
1396665981620000595
1399627728620000419
1400572548620000011
1379347464620000605
1375538176620000344
1389707829620000352
1387363117620000529
1377909726620000621
1373092853620000597
1382732472620000351
1401211825620000269
1397276239620000601
1374762265620000619
1383965854620000192
1386765772620000026
1386333969620000562
1391927915620000224
1389499209620000224
1391209170620000361
1383407816620000667
1379509158620000058
1385316435620000391
1380108108620000521
1381284726620000381
1374017598620000570
1376674035620000653
1387363457620000539
1378905336620000038
1395400268620000698
1377649512620000311
1390718192620000308
1403328008620000324
1392295680620000419
1398678994620000345
1392643052620000076
1401576399620000081
1389287966620000081
1374257536620000095
1374981680620000108
1384426735620000477
1399060194620000311
1373061976620000514
1382949661620000077
1397157092620000540
1380303874620000188
1383138740620000305
1379086560620000340
1380948299620000431
1374978911620000440
1400616784620000020
1380209564620000037
1385572964620000100
1389886875620000312
1375488216620000668
1391089415620000224
1399307739620000085
1384033194620000057
1387075657620000245
1385452461620000455
1396568276620000436
1390994055620000296
1381591943620000303
1395676966620000494
1392800821620000311
1384604422620000328
1390706935620000611
1383588289620000010
1385062081620000516
1386764226620000188
1390386431620000429
1403372173620000351
1384938240620000514
1400654577620000495
1375451924620000423
1373304511620000051
1393964518620000626
1400159839620000648
1373629287620000285
1403523680620000658
1380150095620000686
1383814012620000334
1388184111620000320
1374626725620000392
1398158153620000562
1403094001620000451
1394989789620000100
1373687000620000688
1391921242620000670
1398878775620000668
1394552007620000625
1388301475620000199
1376439967620000309
1383908247620000435
1373877127620000272
1379840381620000345
1391177050620000199
1391521592620000589
1387228769620000617
1390697064620000483
1384794384620000468
1395333416620000453
1396750034620000678
1382721449620000324
1376704633620000120
1402745203620000443
1396617753620000676
1402374661620000651
1373809937620000470
1383153725620000612
1402567523620000455
1391229790620000192
1402770253620000039
1401463696620000338
1382183650620000111
1384113156620000675
1386891354620000436
1375065369620000486
1385146450620000188
1383211232620000233
1383052871620000481
1385836483620000391
1375801426620000042
1398845075620000325
1380038041620000668
1403722703620000687
1386751916620000662
1388748478620000569
1396620807620000376
1385702917620000356
1396146775620000112
1383334719620000398
1392220129620000465
1393643271620000486
1382312541620000542
1393847885620000407
1378130272620000057
1383360324620000450
1394144093620000621
1386924030620000520
1372684847620000434
1393128494620000678
1395484461620000596
1391940751620000363
1377980969620000351
1400840848620000688
1398534612620000546
1384491004620000450
1383209234620000261
1385975910620000144
1386826288620000276
1387821451620000268
1388563988620000504
1378977476620000349
1383589185620000129
1398109879620000367
1375299202620000015
1392534325620000419
1382123717620000332
1373983429620000455
1384609352620000321
1388044497620000900
1395447365620000031
1380296663620000308
1396069318620000324
1403793650620000612
1400391092620000667
1384952854620000608
1384354143620000163
1383054346620000328
1401173438620000529
1392711345620000577
1376739299620000681
1380976334620000364
1384627580620000017
1379600334620000492
1382607979620000249
1389808622620000255
1403379591620000255
1382896120620000080
1377705796620000325
1396604630620000327
1393128027620000031
1374328665620000285
1385275346620000665
1398019784620000109
1389780070620000377
1389177091620000247
1396305904620000242
1383318735620000321
1400228191620000482
1384862779620000174
1379685047620000027
1392525546620000665
1398588206620000451
1387470492620000597
1393636005620000092
1389117424620000044
1389871828620000224
1383342770620000161
1394170822620000067
1393042719620000011
1397359468620000671
1387686977620000359
1386477117620000492
1384052150620000648
1392974808620000333
1397972299620000309
1374381191620000391
1372702459620000184
1380182283620000053
1389513375620000503
1379523337620000108
1394494834620000370
1375543948620000521
1391417341620000539
1390309541620000688
1380556623620000026
1386265456620000213
1393408913620000440
1384634814620000419
1380120307620000664
1372862318620000481
1392885068620000618
1384535796620000101
1394333623620000388
1398166517620000632
1390841023620000611
1385459331620000606
1384259472620000224
1391705023620000233
1398184041620000271
1387182425620000344
1390324097620000515
1387243482620000324
1378747286620000435
1402107966620000496
1387446501620000625
1386868993620000174
1396081745620000085
1378117978620000494
1373894449620000640
1385325615620000101
1394035314620000152
1383977833620000154
1388477653620000393
1386868849620000144
1383303092620000027
1376497010620000664
1374091094620000616
1390819326620000460
1393520175620000667
1375883733620000686
1390207418620000606
1373279258620000648
1377776034620000075
1376300938620000333
1390642075620000285
1399229518620000403
1379483750620000901
1390999357620000541
1389999237620000136
1385143097620000514
1373111458620000391
1401376103620000297
1386134762620000011
1384277154620000527
1388676871620000697
1382132588620000239
1398197173620000129
1373773881620000372
1387596698620000554
1377086424620000074
1387803272620000432
1391312990620000513
1377764741620000166
1389373222620000463
1392730153620000360
1375995630620000611
1383457570620000273
1373039031620000101
1387080622620000199
1383467636620000496
1401897384620000327
1394710881620000257
1391833384620000435
1390477315620000257
1397246285620000114
1395423386620000089
1393058246620000285
1382894223620000681
1386993760620000297
1374900190620000665
1380835832620000436
1394144962620000589
1384852963620000314
1382984210620000381
1381759926620000361
1372948983620000514
1400481861620000515
1386362947620000177
1378890634620000360
1374304242620000672
1397490073620000309
1401981645620000072
1384665509620000492
1372785359620000050
1395682171620000246
1403089160620000089
1380240969620000263
1386540717620000506
1385091934620000601
1402574335620000248
1397365156620000077
1374116544620000104
1387440763620000675
1384194495620000351
1390580301620000668
1383691741620000345
1384542962620000171
1386555666620000013
1403412545620000483
1375460534620000179
1375985196620000514
1401950588620000281
1400314510620000356
1385790487620000463
1399702378620000304
1390296806620000144
1373381336620000648
1401075022620000669
1388931291620000137
1379074450620000684
1383441279620000269
1402597016620000077
1376048648620000251
1404143012620000435
1373748349620000483
1395980405620000517
1375563086620000364
1393138614620000129
1401797230620000040
1390855432620000502
1379828677620000472
1374846015620000296
1388792657620000023
1381551165620000684
1400583621620000009
1378330620620000269
1395180608620000216
1386841092620000249
1395229864620000258
1390387765620000230
1373823517620000017
1396210177620000678
1398074065620000158
1400173083620000022
1403633202620000600
1400868303620000005
1388888467620000075
1395720955620000492
1383449802620000684
1399830368620000136
1402026335620000483
1402419857620000083
1395712122620000621
1381035619620000370
1397992680620000199
1377922280620000506
1377183954620000249
1399835414620000527
1373704773620000195
1375685743620000688
1387537754620000675
1379674766620000178
1403329586620000389
1372942567620000128
1382130590620000320
1387147611620000320
1399476075620000561
1392020799620000319
1399644728620000273
1394613361620000577
1380660759620000344
1394348316620000900
1404010052620000367
1403774899620000363
1403695972620000608
1397414335620000370
1398323842620000364
1382242511620000189
1375987615620000351
1382414051620000089
1386388168620000173
1401271989620000495
1389260660620000315
1402430459620000540
1376407124620000242
1395413484620000351
1376492478620000472
1394661559620000129
1382072850620000305
1403426815620000607
1377859069620000424
1392888713620000373
1384248702620000600
1403712018620000184
1381857425620000303
1393090316620000492
1396663667620000304
1391634226620000482
1384100808620000370
1393527106620000315
1383869579620000392
1403585008620000023
1396658135620000517
1373213732620000486
1392937772620000242
1395845294620000352
1373636464620000472
1402766893620000904
1390413980620000073
1375803349620000325
1384472266620000235
1375182153620000455
1385458854620000542
1394817038620000482
1389429005620000260
1374895827620000406
1386777162620000196
1374982151620000320
1378526796620000386
1391645220620000195
1401983303620000334
1377851021620000022
1403705865620000325
1376426475620000496
1382122042620000230
1390105476620000560
1385641418620000242
1384068987620000077
1402129511620000242
1397092739620000506
1398193245620000352
1388561677620000529
1388227233620000104
1392649226620000205
1381396280620000235
1380500294620000423
1387686631620000288
1374374938620000325
1383236058620000101
1374345984620000101
1403735680620000565
1379088218620000363
1379743706620000409
1386253810620000340
1400602666620000540
1391782963620000504
1401026547620000686
1402736418620000344
1400916474620000904
1386961442620000310
1392336124620000089
1372803253620000684
1381949930620000328
1400578060620000653
1391890531620000506
1386243211620000540
1391170625620000325
1379444156620000129
1397274154620000242
1377162621620000330
1372693585620000226
1394403612620000618
1392668494620000697
1401561075620000604
1384130067620000376
1372996609620000345
1373387217620000226
1393136227620000359
1377951841620000663
1376306543620000044
1393435662620000483
1381750339620000353
1395798315620000529
1399177463620000084
1404160289620000904
1399924693620000188
1376861610620000570
1400790427620000017
1377891241620000089
1393768752620000320
1391106698620000109
1377674146620000015
1398469345620000698
1381918346620000621
1399046073620000393
1376838812620000160
1374081044620000464
1388895526620000514
1382958648620000458
1376889825620000263
1400959935620000129
1381645620620000389
1399837615620000430
1372757627620000272
1392667427620000022
1392556827620000470
1378476274620000621
1376186619620000514
1378594828620000345
1404116474620000497
1389998448620000419
1402873003620000053
1380535393620000429
1394882125620000574
1376290196620000086
1385660651620000514
1374167882620000356
1399093484620000697
1380796650620000215
1380367548620000560
1379164187620000633
1381306304620000046
1399711280620000276
1399273905620000562
1386926689620000682
1388767981620000107
1379489372620000286
1378101789620000451
1398877536620000017
1384346705620000419
1391876257620000167
1386475298620000245
1402197126620000157
1391951339620000486
1400667229620000114
1377598644620000118
1383962397620000621
1380394774620000486
1404088021620000129
1397075504620000295
1399492386620000328
1373114385620000337
1392220789620000492
1382432036620000207
1373661618620000269
1398323899620000345
1401589759620000190
1373372844620000042
1391306206620000195
1390690277620000588
1399549015620000050
1374222648620000021
1398497305620000562
1399880889620000388
1384579156620000104
1393700914620000687
1380635667620000904
1383899136620000333
1401457573620000177
1404015577620000514
1382113373620000352
1375344022620000429
1379685044620000397
1376334767620000492
1395659277620000440
1384093480620000648
1376858619620000686
1403252591620000902
1398465111620000288
1386303322620000403
1385506691620000395
1403124646620000577
1391144622620000569
1393905924620000142
1378937381620000403
1377889581620000047
1382901392620000129
1376826572620000199
1394477832620000436
1380012238620000356
1388165524620000351
1395415763620000632
1402213895620000578
1383789526620000395
1383351005620000430
1374240759620000142
1380949519620000231
1390615266620000105
1375147054620000252
1380267062620000226
1394705192620000104
1382213799620000224
1399764343620000381
1380913740620000297
1388741092620000118
1394131462620000430
1385769842620000381
1373825244620000542
1396409685620000179
1375976281620000434
1391979493620000158
1392656254620000332
1393001347620000363
1381532524620000430
1398351732620000108
1396633977620000187
1376404653620000495
1401264866620000213
1388485537620000303
1391994997620000561
1403925677620000114
1385789905620000513
1383483183620000688
1397542276620000904
1403711419620000502
1394198168620000038
1373201740620000307
1397208531620000129
1379369967620000364
1388209277620000011
1390843600620000900
1381996476620000058
1396146854620000288
1382135412620000242
1388069732620000674
1376772748620000344
1386683905620000423
1374745131620000682
1386360753620000686
1378133863620000267
1386685709620000044
1380801251620000495
1400393954620000077
1380876297620000077
1393599064620000075
1373550784620000467
1391645328620000640
1382517471620000529
1382103227620000128
1398794096620000319
1395070542620000257
1378830229620000118
1401657514620000360
1392025894620000140
1381527304620000509
1403254086620000623
1396520835620000540
1380081583620000101
1378972328620000308
1373474829620000419
1391943355620000649
1382819672620000588
1382619421620000513
1382695978620000578
1377989995620000569
1382301741620000611
1375000895620000116
1399798307620000344
1401291575620000377
1387644684620000680
1374569972620000539
1394623409620000004
1391694233620000255
1395757306620000605
1388067011620000014
1380895515620000612
1379708540620000031
1391289681620000325
1393921324620000171
1380827416620000680
1378981373620000260
1401350300620000421
1379098363620000482
1398268325620000392
1390989628620000086
1397546961620000429
1403078450620000517
1400696603620000672
1398481861620000513
1385494998620000665
1376783198620000434
1376566189620000054
1380629132620000160
1401872406620000429
1386849400620000118
1387874766620000665
1385420211620000101
1380482963620000648
1395329979620000542
1381406024620000263
1397445786620000308
1378653219620000263
1399016252620000331
1392557492620000142
1387787906620000268
1403549690620000081
1401530431620000393
1380056062620000263
1390766858620000367
1401812451620000107
1403411976620000395
1376473483620000623
1377271585620000605
1377489386620000173
1396612974620000247
1394360015620000311
1385546288620000326
1386595245620000362
1401703887620000516
1382403269620000031
1383367572620000669
1380570417620000633
1394171557620000601
1384249512620000111
1376824628620000276
1383031269620000258
1376346565620000616
1393913845620000686
1386676245620000109
1373422061620000403
1392837957620000624
1399493125620000541
1386258758620000095
1382235887620000038
1376833707620000303
1381365568620000611
1373357505620000022
1377921121620000381
1379662193620000361
1378353397620000554
1404133797620000409
1383362257620000060
1387370651620000578
1398330034620000557
1391216561620000672
1396359875620000261
1382018867620000310
1384013380620000624
1388316407620000008
1385971263620000041
1388803507620000345
1387314252620000269
1394554178620000360
1381827952620000338
1376231816620000525
1386707571620000295
1379098356620000434
1402806667620000570
1392457085620000129
1375657810620000360
1386154389620000620
1403244977620000309
1401105480620000129
1392510660620000038
1382796315620000285
1379600141620000051
1400387828620000250
1381809294620000173
1385026117620000421
1382958321620000089
1392393587620000513
1374509605620000114
1374663051620000128
1399164463620000670
1395591592620000542
1397039828620000488
1374070348620000406
1375358239620000120
1385569838620000311
1400795286620000006
1384453199620000617
1374580863620000648
1394532033620000331
1376183628620000560
1385548005620000344
1397471864620000121
1385545527620000616
1382531841620000012
1373196238620000681
1394229667620000119
1396292326620000617
1380487952620000612
1390428912620000320
1372647797620000005
1376380447620000163
1401094408620000596
1385701349620000344
1390312348620000360
1403483840620000140
1392029831620000338
1394346035620000046
1395999242620000271
1374313015620000667
1375000136620000179
1379073021620000472
1382492328620000269
1401958111620000434
1375324830620000626
1385628986620000663
1386366441620000616
1399284247620000331
1387077240620000249
1383754101620000312
1373123483620000235
1379239501620000524
1402588287620000460
1396164432620000463
1398837702620000576
1399567697620000267
1385049975620000588
1394556571620000046
1385651605620000476
1392631650620000239
1392885841620000081
1403961890620000247
1376844067620000554
